110151414
162002335

110151414
172656897

110151414
206179608

110151414
272792099

110151414
294108100

110151414
319299609

110151414
416821451

110151414
446199877

110151414
450730276

110151414
455504268

113200585
152223499

113200585
203485077

113200585
254405984

113200585
356885748

113200585
371835256

113200585
421089550

113200585
458095548

113200585
468163169

113200585
469926743

113200585
497109769

115294226
206646411

115294226
206848012

115294226
285599631

115294226
343831549

115294226
354628783

115294226
375160363

115294226
431347948

115294226
485828726

115294226
490141958

115294226
497109769

116648173
142989083

116648173
203485077

116648173
225753656

116648173
229926622

116648173
298994094

116648173
399216608

116648173
440702915

116648173
440702915

116648173
461879947

116648173
504532768

119337132
179090391

119337132
179747403

119337132
281005065

119337132
297106356

119337132
409632468

119337132
437524660

119337132
448427743

119337132
488629566

119337132
504650783

119337132
525209403

142603810
203485077

142603810
206646411

142603810
231850863

142603810
242682849

142603810
244165466

142603810
358531435

142603810
361267968

142603810
416821451

142603810
493051189

142603810
494757793

142989083
152223499

142989083
260733710

142989083
298994094

142989083
395826355

142989083
399216608

142989083
460898954

142989083
468163169

142989083
469926743

142989083
485828726

142989083
494757793

143014771
119337132

143014771
150850727

143014771
254405984

143014771
391395377

143014771
395763758

143014771
421089550

143014771
428833283

143014771
456476773

143014771
490141958

143014771
491963952

146217198
116648173

146217198
172656897

146217198
294108100

146217198
354628783

146217198
358531435

146217198
379467184

146217198
416821451

146217198
421089550

146217198
423091464

146217198
494247491

149073571
142989083

149073571
225753656

149073571
235514475

149073571
235904473

149073571
268836132

149073571
285563508

149073571
290621479

149073571
358531435

149073571
434521399

149073571
521254409

150850727
234263625

150850727
265145029

150850727
265145029

150850727
281005065

150850727
350622224

150850727
395763758

150850727
433322045

150850727
460898954

150850727
472713562

150850727
60220613

152223499
113200585

152223499
206179608

152223499
285563508

152223499
319299609

152223499
345786756

152223499
356885748

152223499
405387693

152223499
448427743

152223499
456476773

152223499
526562079

159411137
210410304

159411137
234699394

159411137
290621479

159411137
343831549

159411137
384138094

159411137
406041477

159411137
430609056

159411137
436685991

159411137
440702915

159411137
526562079

161724208
195027763

161724208
229926622

161724208
231850863

161724208
231850863

161724208
346490646

161724208
355326530

161724208
460898954

161724208
469926743

161724208
504650783

162002335
119337132

162002335
152223499

162002335
219241221

162002335
235904473

162002335
244371363

162002335
297106356

162002335
358531435

162002335
361267968

162002335
399216608

162002335
423091464

165478556
231850863

165478556
242682849

165478556
281005065

165478556
294108100

165478556
384138094

165478556
421089550

165478556
440702915

165478556
456476773

165478556
456476773

165478556
95318066

167635608
185722484

167635608
219241221

167635608
254405984

167635608
350622224

167635608
395763758

167635608
413756265

167635608
455504268

167635608
469926743

167635608
501576189

167635608
525209403

172656897
221778890

172656897
265145029

172656897
298994094

172656897
350622224

172656897
356186381

172656897
423091464

172656897
433072426

172656897
460898954

172656897
488629566

172656897
521254409

173846834
110151414

173846834
215215359

173846834
225753656

173846834
343831549

173846834
346490646

173846834
399216608

173846834
413756265

173846834
420357930

173846834
478561189

173846834
497109769

174670917
165478556

174670917
189914712

174670917
231850863

174670917
361267968

174670917
432546298

174670917
436685991

174670917
445488814

174670917
454514286

174670917
463769129

174670917
490440290

179090391
179747403

179090391
221778890

179090391
234263625

179090391
260733710

179090391
410902968

179090391
428833283

179090391
448427743

179090391
448427743

179090391
454514286

179090391
468163169

179747403
142603810

179747403
167635608

179747403
234263625

179747403
234263625

179747403
351605665

179747403
361267968

179747403
481901489

179747403
494247491

179747403
496012126

179747403
497109769

181371198
146217198

181371198
174670917

181371198
179747403

181371198
217803288

181371198
344472808

181371198
388340593

181371198
399468775

181371198
430609056

181371198
497109769

183990604
234263625

183990604
265145029

183990604
401493206

183990604
412986997

183990604
428833283

183990604
455504268

183990604
468163169

183990604
472713562

183990604
494757793

183990604
95318066

185722484
116648173

185722484
302048490

185722484
356885748

185722484
373248331

185722484
381997754

185722484
412986997

185722484
440702915

185722484
472713562

185722484
480434641

185722484
488473313

189914712
215215359

189914712
234263625

189914712
277475041

189914712
297106356

189914712
343831549

189914712
346490646

189914712
353421862

189914712
381997754

189914712
382053881

189914712
491963952

195027763
165478556

195027763
234263625

195027763
356885748

195027763
358531435

195027763
399303136

195027763
414676739

195027763
433322045

195027763
460898954

195027763
497109769

195027763
525209403

203485077
218010373

203485077
265145029

203485077
269216781

203485077
300137579

203485077
368239324

203485077
406041477

203485077
409632468

203485077
477482057

203485077
477482057

203485077
477890996

206179608
356186381

206179608
356186381

206179608
371835256

206179608
399468775

206179608
428833283

206179608
436560092

206179608
488473313

206179608
490440290

206179608
494757793

206179608
521366990

206646411
242682849

206646411
254405984

206646411
354628783

206646411
405387693

206646411
420357930

206646411
440702915

206646411
445488814

206646411
463769129

206646411
468163169

206646411
493113491

206848012
162002335

206848012
172656897

206848012
219241221

206848012
229926622

206848012
269216781

206848012
368239324

206848012
384138094

206848012
445595750

206848012
457466031

206848012
488629566

210410304
167635608

210410304
167635608

210410304
185722484

210410304
354628783

210410304
361267968

210410304
391395377

210410304
395186812

210410304
412986997

210410304
433322045

210410304
434521399

215215359
229926622

215215359
251608342

215215359
256906097

215215359
285599631

215215359
285599631

215215359
358531435

215215359
400796772

215215359
440702915

215215359
448427743

215215359
478561189

217803288
206179608

217803288
231850863

217803288
251608342

217803288
381997754

217803288
455504268

217803288
468163169

217803288
494247491

217803288
497109769

217803288
504650783

217803288
525209403

218010373
143014771

218010373
162002335

218010373
174670917

218010373
416738787

218010373
430609056

218010373
478561189

218010373
488629566

218010373
494757793

218010373
521543311

218010373
521543311

219241221
244165466

219241221
251608342

219241221
281005065

219241221
298994094

219241221
300137579

219241221
360688803

219241221
410902968

219241221
448427743

219241221
469109354

219241221
95877212

221778890
110151414

221778890
113200585

221778890
172656897

221778890
206179608

221778890
206646411

221778890
254405984

221778890
344472808

221778890
399468775

221778890
497109769

221778890
525209403

225753656
142989083

225753656
181371198

225753656
195027763

225753656
269216781

225753656
298994094

225753656
360688803

225753656
410902968

225753656
428833283

225753656
456476773

225753656
496012126

229926622
113200585

229926622
179747403

229926622
215215359

229926622
298994094

229926622
300137579

229926622
354628783

229926622
360688803

229926622
413756265

229926622
446189166

229926622
469926743

231850863
119337132

231850863
235514475

231850863
241424851

231850863
244165466

231850863
251608342

231850863
405387693

231850863
410902968

231850863
428833283

231850863
433072426

231850863
478561189

234263625
149073571

234263625
229926622

234263625
244371363

234263625
399468775

234263625
437524660

234263625
448062359

234263625
463769129

234263625
491963952

234263625
496012126

234263625
90375441

234699394
152223499

234699394
165478556

234699394
279311945

234699394
353421862

234699394
358790822

234699394
448062359

234699394
450730276

234699394
469109354

234699394
481901489

234699394
494247491

235514475
119337132

235514475
142603810

235514475
234263625

235514475
254405984

235514475
297106356

235514475
401493206

235514475
416738787

235514475
434521399

235514475
448427743

235514475
490440290

235904473
189914712

235904473
231850863

235904473
269216781

235904473
310828049

235904473
356885748

235904473
361267968

235904473
45509813

235904473
455504268

235904473
477890996

235904473
488629566

241424851
150850727

241424851
172656897

241424851
185722484

241424851
231850863

241424851
254405984

241424851
268836132

241424851
351605665

241424851
358531435

241424851
416738787

241424851
432323065

242682849
235514475

242682849
279311945

242682849
279311945

242682849
302427576

242682849
350622224

242682849
356186381

242682849
433072426

242682849
433322045

242682849
434521399

242682849
95877212

244165466
229926622

244165466
231850863

244165466
241424851

244165466
353421862

244165466
371835256

244165466
399468775

244165466
421089550

244165466
493051189

244165466
521543311

244165466
90375441

244371363
219241221

244371363
351605665

244371363
356885748

244371363
358790822

244371363
391395377

244371363
395186812

244371363
400796772

244371363
463769129

244371363
465227917

244371363
494247491

248557567
183990604

248557567
229926622

248557567
268836132

248557567
354628783

248557567
405387693

248557567
422359825

248557567
454514286

248557567
458095548

248557567
488473313

248557567
497109769

251608342
159411137

251608342
206179608

251608342
234263625

251608342
244371363

251608342
260733710

251608342
272792099

251608342
401493206

251608342
416738787

251608342
436685991

251608342
477890996

254405984
142603810

254405984
142603810

254405984
172656897

254405984
173846834

254405984
229926622

254405984
310828049

254405984
343831549

254405984
361267968

254405984
45509813

254405984
458095548

256906097
116648173

256906097
206646411

256906097
229926622

256906097
350622224

256906097
358531435

256906097
405387693

256906097
416738787

256906097
430609056

256906097
448427743

256906097
521366990

260733710
215215359

260733710
285563508

260733710
285599631

260733710
373248331

260733710
399468775

260733710
410902968

260733710
423091464

260733710
472713562

260733710
472713562

260733710
480434641

265145029
142603810

265145029
161724208

265145029
277475041

265145029
371835256

265145029
375160363

265145029
379467184

265145029
410902968

265145029
432546298

265145029
477890996

265145029
488473313

268836132
143014771

268836132
218010373

268836132
254405984

268836132
281005065

268836132
356885748

268836132
420357930

268836132
448427743

268836132
455504268

268836132
458095548

268836132
490141958

269216781
165478556

269216781
181371198

269216781
189914712

269216781
219241221

269216781
399303136

269216781
430609056

269216781
446189166

269216781
446199877

269216781
469926743

269216781
485828726

270664489
161724208

270664489
219241221

270664489
260733710

270664489
268836132

270664489
310828049

270664489
395826355

270664489
422359825

270664489
490440290

270664489
494757793

272792099
142989083

272792099
173846834

272792099
185722484

272792099
195027763

272792099
195027763

272792099
225753656

272792099
241424851

272792099
254405984

272792099
344472808

272792099
431347948

277475041
149073571

277475041
300137579

277475041
353421862

277475041
360688803

277475041
420357930

277475041
434521399

277475041
450730276

277475041
481901489

277475041
493113491

277475041
521366990

279311945
221778890

279311945
381997754

279311945
414676739

279311945
423091464

279311945
431347948

279311945
433072426

279311945
45509813

279311945
491963952

279311945
493113491

279311945
494247491

281005065
181371198

281005065
225753656

281005065
242682849

281005065
248557567

281005065
251608342

281005065
256906097

281005065
269216781

281005065
358790822

281005065
413756265

281005065
516539796

285563508
174670917

285563508
219241221

285563508
265145029

285563508
436560092

285563508
436560092

285563508
445595750

285563508
468163169

285563508
472713562

285563508
491963952

285563508
90375441

285599631
165478556

285599631
221778890

285599631
260733710

285599631
358531435

285599631
388340593

285599631
413756265

285599631
461879947

285599631
488629566

285599631
525209403

285599631
60220613

290621479
115294226

290621479
215215359

290621479
235514475

290621479
382053881

290621479
388340593

290621479
430609056

290621479
463769129

290621479
490141958

290621479
493113491

290621479
60220613

294108100
113200585

294108100
165478556

294108100
206646411

294108100
269216781

294108100
279311945

294108100
434521399

294108100
437524660

294108100
455504268

294108100
493051189

294108100
501576189

297106356
179090391

297106356
206646411

297106356
343831549

297106356
382053881

297106356
388340593

297106356
391395377

297106356
428833283

297106356
450730276

297106356
521543311

297106356
60220613

298994094
161724208

298994094
206646411

298994094
241424851

298994094
272792099

298994094
300137579

298994094
399468775

298994094
400796772

298994094
485828726

298994094
521543311

300137579
210410304

300137579
265145029

300137579
265145029

300137579
279311945

300137579
281005065

300137579
302048490

300137579
373248331

300137579
432323065

300137579
480434641

300137579
493113491

302048490
179090391

302048490
206848012

302048490
419584442

302048490
420357930

302048490
422359825

302048490
432323065

302048490
480434641

302048490
490440290

302048490
493113491

302048490
501576189

302427576
119337132

302427576
146217198

302427576
217803288

302427576
244165466

302427576
343831549

302427576
440702915

302427576
455504268

302427576
458095548

302427576
488629566

302427576
90375441

310828049
152223499

310828049
174670917

310828049
229926622

310828049
298994094

310828049
319299609

310828049
361267968

310828049
428833283

310828049
432323065

310828049
454514286

310828049
455504268

319299609
206646411

319299609
254405984

319299609
256906097

319299609
400796772

319299609
412986997

319299609
434521399

319299609
456476773

319299609
490141958

319299609
496012126

319299609
497109769

343831549
142603810

343831549
142603810

343831549
146217198

343831549
221778890

343831549
360688803

343831549
368239324

343831549
409632468

343831549
421089550

343831549
521254409

343831549
521254409

344472808
152223499

344472808
172656897

344472808
181371198

344472808
302427576

344472808
358790822

344472808
416738787

344472808
420357930

344472808
436560092

344472808
454514286

344472808
516539796

345786756
181371198

345786756
231850863

345786756
234699394

345786756
272792099

345786756
281005065

345786756
410902968

345786756
446189166

345786756
457466031

345786756
480434641

345786756
525209403

346490646
210410304

346490646
235904473

346490646
290621479

346490646
302048490

346490646
343831549

346490646
384138094

346490646
410902968

346490646
436560092

346490646
488473313

346490646
60220613

350622224
150850727

350622224
225753656

350622224
244165466

350622224
345786756

350622224
355326530

350622224
400796772

350622224
405387693

350622224
413756265

350622224
436560092

350622224
488629566

351605665
119337132

351605665
159411137

351605665
218010373

351605665
281005065

351605665
371835256

351605665
381997754

351605665
432546298

351605665
465227917

351605665
490141958

351605665
60220613

353421862
116648173

353421862
173846834

353421862
206848012

353421862
356186381

353421862
382053881

353421862
406041477

353421862
416738787

353421862
445595750

353421862
448062359

353421862
477482057

354628783
173846834

354628783
174670917

354628783
242682849

354628783
244371363

354628783
290621479

354628783
343831549

354628783
350622224

354628783
436560092

354628783
490440290

354628783
95877212

355326530
152223499

355326530
260733710

355326530
358531435

355326530
412986997

355326530
421089550

355326530
428833283

355326530
430609056

355326530
446189166

355326530
490141958

355326530
494757793

356186381
181371198

356186381
218010373

356186381
235514475

356186381
354628783

356186381
382053881

356186381
401493206

356186381
421089550

356186381
421089550

356186381
431347948

356186381
526562079

356885748
179090391

356885748
290621479

356885748
401493206

356885748
457466031

356885748
461879947

356885748
468163169

356885748
469926743

356885748
491963952

356885748
493113491

356885748
90375441

358531435
142989083

358531435
146217198

358531435
235514475

358531435
294108100

358531435
375160363

358531435
395186812

358531435
431347948

358531435
454514286

358531435
481901489

358531435
90375441

358790822
146217198

358790822
161724208

358790822
206179608

358790822
206848012

358790822
219241221

358790822
231850863

358790822
235514475

358790822
254405984

358790822
379467184

358790822
90375441

360688803
162002335

360688803
203485077

360688803
235904473

360688803
241424851

360688803
254405984

360688803
290621479

360688803
388340593

360688803
423091464

360688803
490440290

360688803
90375441

361267968
143014771

361267968
162002335

361267968
181371198

361267968
251608342

361267968
355326530

361267968
421089550

361267968
422359825

361267968
461879947

361267968
463769129

361267968
477890996

368239324
115294226

368239324
119337132

368239324
242682849

368239324
248557567

368239324
285563508

368239324
457466031

368239324
494247491

368239324
504650783

368239324
90375441

368239324
95318066

371835256
110151414

371835256
142603810

371835256
149073571

371835256
242682849

371835256
254405984

371835256
401493206

371835256
409632468

371835256
420357930

371835256
481901489

371835256
504532768

373248331
143014771

373248331
189914712

373248331
219241221

373248331
251608342

373248331
302048490

373248331
345786756

373248331
360688803

373248331
371835256

373248331
431347948

373248331
465227917

375160363
115294226

375160363
206848012

375160363
244371363

375160363
277475041

375160363
294108100

375160363
381997754

375160363
409632468

375160363
431347948

375160363
463769129

375160363
480434641

379467184
165478556

379467184
167635608

379467184
219241221

379467184
235904473

379467184
358531435

379467184
399216608

379467184
431347948

379467184
437524660

379467184
45509813

379467184
465227917

381997754
113200585

381997754
225753656

381997754
294108100

381997754
375160363

381997754
412986997

381997754
448062359

381997754
460898954

381997754
477482057

381997754
494757793

381997754
521366990

382053881
142603810

382053881
167635608

382053881
235904473

382053881
272792099

382053881
351605665

382053881
405387693

382053881
446189166

382053881
469926743

382053881
469926743

382053881
90375441

384138094
162002335

384138094
215215359

384138094
358531435

384138094
379467184

384138094
395186812

384138094
414676739

384138094
468163169

384138094
480434641

384138094
488629566

384138094
494247491

388340593
119337132

388340593
142603810

388340593
162002335

388340593
179090391

388340593
268836132

388340593
358531435

388340593
463769129

388340593
478561189

388340593
494757793

388340593
504650783

391395377
152223499

391395377
206179608

391395377
268836132

391395377
270664489

391395377
354628783

391395377
358790822

391395377
436560092

391395377
440702915

391395377
480434641

391395377
494757793

395186812
203485077

395186812
210410304

395186812
218010373

395186812
354628783

395186812
355326530

395186812
381997754

395186812
440702915

395186812
446199877

395186812
480434641

395186812
494247491

395763758
146217198

395763758
161724208

395763758
353421862

395763758
379467184

395763758
388340593

395763758
413756265

395763758
490141958

395763758
491963952

395763758
491963952

395763758
516539796

395826355
119337132

395826355
150850727

395826355
167635608

395826355
343831549

395826355
353421862

395826355
356885748

395826355
410902968

395826355
413756265

395826355
422359825

395826355
431347948

399216608
110151414

399216608
225753656

399216608
269216781

399216608
381997754

399216608
416821451

399216608
422359825

399216608
456476773

399216608
478561189

399216608
497109769

399216608
504532768

399303136
242682849

399303136
297106356

399303136
400796772

399303136
419584442

399303136
437524660

399303136
454514286

399303136
463769129

399303136
481901489

399303136
493051189

399303136
521254409

399468775
269216781

399468775
285563508

399468775
356186381

399468775
361267968

399468775
382053881

399468775
406041477

399468775
412986997

399468775
436560092

399468775
95318066

400796772
119337132

400796772
251608342

400796772
371835256

400796772
405387693

400796772
410902968

400796772
413756265

400796772
430609056

400796772
440702915

400796772
458095548

400796772
526562079

401493206
242682849

401493206
298994094

401493206
371835256

401493206
371835256

401493206
428833283

401493206
450730276

401493206
477482057

401493206
488629566

401493206
493051189

401493206
521543311

405387693
119337132

405387693
142989083

405387693
173846834

405387693
244165466

405387693
256906097

405387693
272792099

405387693
298994094

405387693
300137579

405387693
430609056

405387693
450730276

406041477
113200585

406041477
143014771

406041477
344472808

406041477
355326530

406041477
358531435

406041477
399303136

406041477
434521399

406041477
448062359

406041477
491963952

406041477
494757793

409632468
110151414

409632468
149073571

409632468
161724208

409632468
356186381

409632468
388340593

409632468
406041477

409632468
416821451

409632468
430609056

409632468
450730276

409632468
504650783

410902968
142603810

410902968
219241221

410902968
235904473

410902968
302427576

410902968
355326530

410902968
358531435

410902968
458095548

410902968
477890996

410902968
501576189

410902968
501576189

412986997
174670917

412986997
219241221

412986997
229926622

412986997
279311945

412986997
395186812

412986997
400796772

412986997
414676739

412986997
432546298

412986997
445488814

412986997
463769129

413756265
116648173

413756265
235904473

413756265
254405984

413756265
345786756

413756265
345786756

413756265
353421862

413756265
395763758

413756265
440702915

413756265
455504268

413756265
95318066

414676739
241424851

414676739
244165466

414676739
346490646

414676739
353421862

414676739
423091464

414676739
436685991

414676739
437524660

414676739
448062359

414676739
45509813

414676739
45509813

416738787
115294226

416738787
219241221

416738787
269216781

416738787
302048490

416738787
379467184

416738787
437524660

416738787
458095548

416738787
480434641

416738787
501576189

416738787
90375441

416821451
221778890

416821451
231850863

416821451
248557567

416821451
248557567

416821451
268836132

416821451
405387693

416821451
423091464

416821451
455504268

416821451
460898954

416821451
488473313

419584442
195027763

419584442
218010373

419584442
241424851

419584442
310828049

419584442
350622224

419584442
413756265

419584442
440702915

419584442
448427743

419584442
465227917

419584442
521366990

420357930
206179608

420357930
215215359

420357930
344472808

420357930
350622224

420357930
375160363

420357930
428833283

420357930
433072426

420357930
458095548

420357930
485828726

420357930
504650783

421089550
119337132

421089550
189914712

421089550
268836132

421089550
302048490

421089550
319299609

421089550
373248331

421089550
469109354

421089550
490440290

421089550
493113491

421089550
497109769

422359825
146217198

422359825
179090391

422359825
251608342

422359825
344472808

422359825
358531435

422359825
395186812

422359825
410902968

422359825
457466031

422359825
468163169

422359825
481901489

423091464
206179608

423091464
379467184

423091464
414676739

423091464
446199877

423091464
461879947

423091464
472713562

423091464
477482057

423091464
491963952

423091464
501576189

423091464
504532768

428833283
161724208

428833283
395826355

428833283
410902968

428833283
414676739

428833283
432323065

428833283
434521399

428833283
445488814

428833283
490440290

428833283
501576189

428833283
90375441

430609056
116648173

430609056
173846834

430609056
183990604

430609056
225753656

430609056
399216608

430609056
419584442

430609056
420357930

430609056
432546298

430609056
454514286

431347948
174670917

431347948
235904473

431347948
290621479

431347948
356186381

431347948
358790822

431347948
358790822

431347948
360688803

431347948
409632468

431347948
416738787

431347948
419584442

432323065
179090391

432323065
181371198

432323065
225753656

432323065
260733710

432323065
265145029

432323065
300137579

432323065
354628783

432323065
433072426

432323065
437524660

432323065
445488814

432546298
235904473

432546298
248557567

432546298
251608342

432546298
300137579

432546298
302048490

432546298
353421862

432546298
379467184

432546298
430609056

432546298
45509813

432546298
516539796

433072426
219241221

433072426
244371363

433072426
294108100

433072426
368239324

433072426
395186812

433072426
400796772

433072426
420357930

433072426
458095548

433072426
488473313

433072426
516539796

433322045
146217198

433322045
210410304

433322045
399303136

433322045
400796772

433322045
412986997

433322045
434521399

433322045
446199877

433322045
481901489

433322045
490141958

433322045
516539796

434521399
146217198

434521399
159411137

434521399
173846834

434521399
231850863

434521399
248557567

434521399
350622224

434521399
356885748

434521399
391395377

434521399
450730276

434521399
521366990

436560092
179090391

436560092
181371198

436560092
206646411

436560092
221778890

436560092
221778890

436560092
350622224

436560092
354628783

436560092
388340593

436560092
400796772

436560092
433322045

436685991
110151414

436685991
269216781

436685991
279311945

436685991
302048490

436685991
384138094

436685991
395186812

436685991
445595750

436685991
455504268

436685991
493051189

436685991
60220613

437524660
298994094

437524660
302427576

437524660
358790822

437524660
448062359

437524660
450730276

437524660
45509813

437524660
461879947

437524660
461879947

437524660
488473313

437524660
521366990

440702915
113200585

440702915
181371198

440702915
251608342

440702915
279311945

440702915
358790822

440702915
373248331

440702915
399216608

440702915
400796772

440702915
419584442

440702915
423091464

445488814
172656897

445488814
181371198

445488814
235904473

445488814
302048490

445488814
346490646

445488814
373248331

445488814
379467184

445488814
423091464

445488814
450730276

445488814
454514286

445595750
217803288

445595750
219241221

445595750
221778890

445595750
361267968

445595750
399216608

445595750
399216608

445595750
420357930

445595750
457466031

445595750
481901489

445595750
521366990

446189166
142989083

446189166
149073571

446189166
172656897

446189166
343831549

446189166
395186812

446189166
450730276

446189166
468163169

446189166
477890996

446189166
481901489

446189166
526562079

446199877
172656897

446199877
210410304

446199877
356186381

446199877
356885748

446199877
431347948

446199877
460898954

446199877
478561189

446199877
488473313

446199877
525209403

446199877
60220613

448062359
159411137

448062359
167635608

448062359
254405984

448062359
319299609

448062359
344472808

448062359
360688803

448062359
382053881

448062359
430609056

448062359
456476773

448062359
521543311

448427743
195027763

448427743
277475041

448427743
294108100

448427743
294108100

448427743
294108100

448427743
355326530

448427743
391395377

448427743
399303136

448427743
434521399

448427743
485828726

450730276
119337132

450730276
210410304

450730276
235904473

450730276
343831549

450730276
350622224

450730276
395763758

450730276
428833283

450730276
485828726

450730276
521254409

450730276
521254409

454514286
110151414

454514286
215215359

454514286
256906097

454514286
297106356

454514286
373248331

454514286
388340593

454514286
395186812

454514286
431347948

454514286
436560092

454514286
485828726

45509813
174670917

45509813
179090391

45509813
244165466

45509813
256906097

45509813
294108100

45509813
355326530

45509813
422359825

45509813
430609056

45509813
431347948

45509813
490141958

455504268
244165466

455504268
265145029

455504268
319299609

455504268
375160363

455504268
382053881

455504268
384138094

455504268
412986997

455504268
445488814

455504268
45509813

455504268
461879947

456476773
159411137

456476773
181371198

456476773
235904473

456476773
350622224

456476773
395763758

456476773
446199877

456476773
477482057

456476773
485828726

456476773
493113491

457466031
116648173

457466031
219241221

457466031
269216781

457466031
356186381

457466031
381997754

457466031
405387693

457466031
412986997

457466031
416738787

457466031
445488814

457466031
521543311

458095548
185722484

458095548
234699394

458095548
384138094

458095548
406041477

458095548
410902968

458095548
437524660

458095548
456476773

458095548
504532768

458095548
521254409

458095548
525209403

460898954
159411137

460898954
229926622

460898954
272792099

460898954
344472808

460898954
399216608

460898954
405387693

460898954
446189166

460898954
469109354

460898954
493113491

460898954
496012126

461879947
110151414

461879947
146217198

461879947
150850727

461879947
277475041

461879947
350622224

461879947
395186812

461879947
488473313

461879947
501576189

461879947
95318066

461879947
95877212

463769129
146217198

463769129
185722484

463769129
235904473

463769129
285563508

463769129
448062359

463769129
465227917

463769129
488629566

463769129
490141958

463769129
525209403

463769129
95318066

465227917
150850727

465227917
244371363

465227917
298994094

465227917
345786756

465227917
401493206

465227917
423091464

465227917
436560092

465227917
457466031

465227917
490440290

465227917
90375441

468163169
161724208

468163169
203485077

468163169
235904473

468163169
244371363

468163169
265145029

468163169
297106356

468163169
302048490

468163169
405387693

468163169
432546298

468163169
490440290

469109354
189914712

469109354
234699394

469109354
388340593

469109354
401493206

469109354
428833283

469109354
433322045

469109354
433322045

469109354
446189166

469109354
446199877

469109354
493051189

469926743
161724208

469926743
162002335

469926743
172656897

469926743
399468775

469926743
412986997

469926743
460898954

469926743
468163169

469926743
488473313

469926743
488473313

469926743
494757793

472713562
159411137

472713562
210410304

472713562
219241221

472713562
234699394

472713562
254405984

472713562
300137579

472713562
346490646

472713562
428833283

472713562
496012126

472713562
497109769

477482057
206646411

477482057
219241221

477482057
256906097

477482057
270664489

477482057
345786756

477482057
345786756

477482057
351605665

477482057
422359825

477482057
526562079

477482057
95318066

477890996
110151414

477890996
143014771

477890996
150850727

477890996
152223499

477890996
189914712

477890996
256906097

477890996
345786756

477890996
428833283

477890996
497109769

477890996
526562079

478561189
172656897

478561189
174670917

478561189
244371363

478561189
345786756

478561189
350622224

478561189
416821451

478561189
432546298

478561189
491963952

478561189
493113491

478561189
521366990

480434641
270664489

480434641
279311945

480434641
300137579

480434641
302048490

480434641
356885748

480434641
379467184

480434641
395186812

480434641
488629566

480434641
497109769

480434641
521543311

481901489
179747403

481901489
215215359

481901489
251608342

481901489
265145029

481901489
290621479

481901489
419584442

481901489
430609056

481901489
461879947

481901489
501576189

481901489
60220613

485828726
173846834

485828726
206179608

485828726
206646411

485828726
358531435

485828726
379467184

485828726
434521399

485828726
450730276

485828726
481901489

485828726
493113491

488473313
142603810

488473313
142603810

488473313
229926622

488473313
256906097

488473313
272792099

488473313
319299609

488473313
344472808

488473313
346490646

488473313
354628783

488473313
432546298

488629566
210410304

488629566
242682849

488629566
244371363

488629566
395826355

488629566
400796772

488629566
420357930

488629566
421089550

488629566
430609056

488629566
455504268

488629566
468163169

490141958
203485077

490141958
234263625

490141958
260733710

490141958
302048490

490141958
302048490

490141958
361267968

490141958
416821451

490141958
430609056

490141958
480434641

490141958
496012126

490440290
181371198

490440290
373248331

490440290
399216608

490440290
400796772

490440290
406041477

490440290
420357930

490440290
446189166

490440290
454514286

490440290
493051189

490440290
494247491

491963952
110151414

491963952
244371363

491963952
285599631

491963952
351605665

491963952
433072426

491963952
445488814

491963952
445488814

491963952
446199877

491963952
45509813

491963952
455504268

493051189
165478556

493051189
172656897

493051189
203485077

493051189
206179608

493051189
310828049

493051189
361267968

493051189
446189166

493051189
469109354

493051189
490440290

493051189
494247491

493113491
251608342

493113491
285599631

493113491
319299609

493113491
353421862

493113491
354628783

493113491
405387693

493113491
481901489

493113491
488629566

493113491
490440290

493113491
494757793

494247491
150850727

494247491
203485077

494247491
215215359

494247491
235514475

494247491
298994094

494247491
409632468

494247491
412986997

494247491
413756265

494247491
420357930

494247491
521543311

494757793
115294226

494757793
206848012

494757793
234699394

494757793
302427576

494757793
354628783

494757793
358790822

494757793
375160363

494757793
400796772

494757793
432546298

494757793
440702915

496012126
229926622

496012126
277475041

496012126
285563508

496012126
379467184

496012126
382053881

496012126
382053881

496012126
428833283

496012126
497109769

496012126
521366990

496012126
60220613

497109769
183990604

497109769
203485077

497109769
210410304

497109769
265145029

497109769
302048490

497109769
371835256

497109769
400796772

497109769
434521399

497109769
469926743

497109769
95318066

501576189
189914712

501576189
206848012

501576189
285599631

501576189
356186381

501576189
388340593

501576189
395826355

501576189
399303136

501576189
455504268

501576189
477890996

501576189
526562079

504532768
142603810

504532768
215215359

504532768
251608342

504532768
270664489

504532768
384138094

504532768
395186812

504532768
430609056

504532768
432546298

504532768
521254409

504532768
90375441

504650783
143014771

504650783
146217198

504650783
195027763

504650783
395826355

504650783
422359825

504650783
433322045

504650783
45509813

504650783
458095548

504650783
521254409

504650783
60220613

516539796
167635608

516539796
179090391

516539796
268836132

516539796
269216781

516539796
281005065

516539796
344472808

516539796
346490646

516539796
360688803

516539796
422359825

516539796
488629566

521254409
179090391

521254409
297106356

521254409
346490646

521254409
384138094

521254409
432546298

521254409
446199877

521254409
448427743

521254409
493051189

521254409
521366990

521254409
95318066

521366990
159411137

521366990
244371363

521366990
248557567

521366990
302048490

521366990
310828049

521366990
345786756

521366990
437524660

521366990
469926743

521366990
469926743

521366990
481901489

521543311
185722484

521543311
203485077

521543311
350622224

521543311
361267968

521543311
401493206

521543311
412986997

521543311
436685991

521543311
445595750

521543311
455504268

521543311
496012126

525209403
110151414

525209403
173846834

525209403
173846834

525209403
235904473

525209403
285599631

525209403
382053881

525209403
430609056

525209403
45509813

525209403
469109354

525209403
469926743

526562079
162002335

526562079
248557567

526562079
256906097

526562079
310828049

526562079
346490646

526562079
360688803

526562079
368239324

526562079
379467184

526562079
463769129

526562079
477890996

60220613
146217198

60220613
161724208

60220613
241424851

60220613
302048490

60220613
399303136

60220613
409632468

60220613
410902968

60220613
461879947

60220613
477482057

60220613
488629566

90375441
285599631

90375441
285599631

90375441
290621479

90375441
381997754

90375441
388340593

90375441
433322045

90375441
450730276

90375441
455504268

90375441
481901489

90375441
526562079

95318066
149073571

95318066
159411137

95318066
279311945

95318066
382053881

95318066
401493206

95318066
410902968

95318066
423091464

95318066
440702915

95318066
445595750

95318066
448427743

95877212
165478556

95877212
189914712

95877212
225753656

95877212
229926622

95877212
300137579

95877212
346490646

95877212
406041477

95877212
432546298

95877212
480434641

95877212
493051189

